9.720000 1.210000 0.292000 1.669988 numThread:6 
8.410000 11.890000 1.619000 72.447245 numThread:1 
5.940000 8.410000 1.144000 25.577030 numThread:5 
7.200000 2.040000 0.469000 3.236440 numThread:8 
4.200000 5.940000 0.808000 9.027959 numThread:2 
5.110000 5.160000 0.000000 0.000000 numThread:0 
8.250000 7.200000 1.279000 33.794076 numThread:7 
2.100000 2.970000 0.404000 1.128495 numThread:4 
2.970000 4.200000 0.572000 3.191906 numThread:3 
1.480000 2.100000 0.285000 0.396806 numThread:9 
1.820000 4.520000 0.400000 1.517760 numThread:7 
5.810000 8.790000 1.143000 26.197670 numThread:3 
9.460000 3.880000 0.851000 14.379282 numThread:8 
3.930000 4.350000 0.000000 0.000000 numThread:0 
6.970000 7.980000 1.237000 30.621905 numThread:5 
5.660000 9.630000 1.151000 28.323145 numThread:6 
4.580000 0.770000 0.184000 0.311553 numThread:1 
7.440000 3.240000 0.703000 7.779648 numThread:2 
1.810000 3.700000 0.384000 1.173175 numThread:9 
8.980000 5.450000 1.099000 24.238515 numThread:4 
9.050000 9.160000 0.000000 0.000000 numThread:0 
4.340000 5.480000 0.802000 8.504998 numThread:4 
8.790000 3.990000 0.859000 13.802055 numThread:2 
5.990000 1.410000 0.329000 1.319179 numThread:5 
3.040000 0.540000 0.128000 0.101204 numThread:6 
7.490000 0.760000 0.185000 0.513708 numThread:7 
9.720000 9.190000 1.574000 62.500430 numThread:3 
6.720000 0.880000 0.212000 0.608647 numThread:8 
6.670000 0.690000 0.168000 0.376696 numThread:9 
6.980000 6.240000 1.097000 21.242479 numThread:1 
